TIME MEM VIRT RES SHR CPU FREE SWAP
0:00.26 0.3 225260 5644 2812 99.9 1083.7 820.0
0:01.73 1.1 241100 21484 2812 94.4 1068.9 820.0
0:03.20 2.0 257072 37324 2812 99.9 1052.5 820.0
0:04.61 2.8 271856 52372 2812 82.4 1038.1 820.0
0:06.03 3.6 286772 67156 2812 94.1 1023.5 820.0
0:07.45 4.4 302480 82992 2812 93.8 1007.5 820.0
0:08.92 5.3 318188 98568 2812 70.6 993.1 820.0
0:10.41 6.1 334556 114936 2812 99.9 972.0 820.0
0:11.88 7.0 350660 131040 2812 99.9 959.8 820.0
0:13.28 7.8 366104 146616 2812 93.8 944.8 820.0
0:14.70 8.7 381680 162192 2812 99.9 930.7 820.0
0:16.13 9.5 396992 177504 2812 94.1 915.1 820.0
0:17.59 10.3 412964 193344 2812 50.0 899.7 820.0
0:19.12 11.2 429464 209976 2812 99.9 882.6 820.0
0:20.58 12.1 445172 225552 2812 99.9 868.1 820.0
0:22.04 12.9 461144 241656 2812 99.9 851.6 820.0
0:23.44 13.7 476456 256968 2812 99.9 837.8 820.0
0:24.86 14.6 491768 272280 2812 94.1 822.9 820.0
0:26.32 15.4 507608 288120 2812 68.8 806.7 820.0
0:27.86 16.3 524504 305016 2812 88.2 791.2 820.0
0:29.33 17.1 540476 320856 2812 88.2 774.6 820.0
0:30.79 18.0 556316 336696 2812 99.9 758.1 820.0
0:32.21 18.8 572024 352536 2812 93.8 743.1 820.0
0:33.62 19.7 587336 367848 2812 99.9 729.3 820.0
0:35.05 20.5 602780 383160 2812 99.9 713.7 820.0
0:36.52 21.3 618752 399264 2812 56.2 698.3 820.0
0:38.03 22.2 634988 415368 2812 88.9 681.3 820.0
0:39.50 23.1 650960 431472 2812 99.9 666.6 820.0
0:40.94 23.9 666668 447048 2812 99.9 650.5 820.0
0:42.36 24.7 682112 462624 2812 88.2 635.6 820.0
0:43.78 25.6 697688 478200 2812 94.1 621.3 820.0
0:45.23 26.4 713660 494040 2812 44.4 605.0 820.0
0:46.78 27.3 730292 510672 2812 93.8 588.0 820.0
0:48.22 28.1 745472 525720 2812 99.9 574.0 820.0
0:49.69 28.9 760916 541296 2812 93.8 559.1 820.0
0:51.12 29.7 775832 556344 2812 93.8 543.5 820.0
0:52.52 30.5 790748 571128 2812 93.8 530.2 820.0
0:53.94 31.3 805664 586176 2812 99.9 514.8 820.0
0:55.42 32.2 821636 602016 2812 58.8 499.6 820.0
0:56.94 33.1 838136 618648 2812 99.9 478.7 820.0
0:58.40 33.9 853976 634488 2812 94.1 467.5 820.0
0:59.86 34.8 869816 650328 2812 94.1 451.3 820.0
1:01.28 35.6 885128 665640 2812 93.8 436.5 820.0
1:02.72 36.4 900704 681216 2812 94.1 422.5 820.0
1:04.18 37.3 916808 697320 2812 50.0 405.8 820.0
1:05.73 38.2 933440 713952 2812 94.1 389.2 820.0
1:07.17 39.0 949016 729528 2812 99.9 374.4 820.0
1:08.63 39.8 964856 745368 2812 99.9 359.3 820.0
1:10.05 40.7 980168 760680 2812 99.9 343.3 820.0
1:11.45 41.4 994820 775200 2812 99.9 329.2 820.0
1:12.86 42.2 1009736 790248 2812 72.2 314.5 820.0
1:14.38 43.1 1025444 805824 2812 82.4 300.2 820.0
1:15.86 43.9 1041548 821928 2812 94.1 283.5 820.0
1:16.74 44.4 1050788 831168 2812 50.0 271.6 820.0
1:17.52 44.9 1059104 839616 2812 50.0 258.6 820.0
1:18.18 45.2 1065968 846480 2812 22.2 245.3 820.0
1:18.77 45.6 1072172 852552 2812 50.0 245.7 820.0
1:19.54 46.0 1080356 860736 2812 47.1 235.6 820.0
1:20.30 46.4 1088408 868920 2812 55.6 225.2 820.0
1:21.05 46.9 1096196 876576 2812 41.2 216.4 820.0
1:21.82 47.3 1104380 884760 2812 33.3 206.7 820.0
1:22.62 47.7 1112696 893208 2812 30.0 191.4 820.0
1:23.42 48.2 1120880 901392 2812 33.3 178.5 820.0
1:24.21 48.6 1129328 909840 2812 44.4 168.6 820.0
1:24.99 49.1 1137380 917760 2812 38.9 160.8 820.0
1:25.77 49.5 1145696 926208 2812 44.4 154.4 820.0
1:26.57 49.9 1153748 934128 2812 52.9 143.3 820.0
1:27.33 50.4 1161536 942048 2812 47.1 162.8 820.0
1:28.64 51.1 1175396 955776 2812 93.8 148.4 820.0
1:30.07 51.9 1190180 970560 2812 99.9 133.9 820.0
1:31.49 52.7 1205360 985872 2812 99.9 119.3 820.0
1:32.92 53.5 1220540 977.5m 2812 41.2 103.5 820.0
1:34.48 54.4 1237172 993.7m 2812 94.1 87.8 820.0
1:35.91 55.2 1252352 1.0g 2812 88.9 72.1 820.0
1:37.48 56.1 1269248 1.0g 2720 99.9 63.8 819.7
1:39.09 57.0 1286540 1.0g 2720 94.1 62.7 819.7
1:40.46 57.8 1300664 1.0g 2720 94.1 84.5 819.7
1:41.91 58.6 1315976 1.0g 2720 99.9 69.7 819.7
1:43.28 59.4 1330892 1.1g 2720 88.9 79.4 819.0
1:44.74 60.2 1346600 1.1g 2720 47.1 72.1 818.7
1:46.21 61.1 1362440 1.1g 2720 88.2 74.7 818.2
1:47.63 61.9 1377884 1.1g 2720 81.2 77.5 817.7
1:49.05 62.7 1393064 1.1g 2720 99.9 63.7 817.0
1:50.55 63.6 1409168 1.1g 2720 94.1 80.0 816.2
1:51.95 64.4 1423952 1.1g 2720 93.8 65.1 816.2
1:53.53 65.3 1441112 1.2g 2720 94.1 67.6 815.0
1:54.96 66.1 1456292 1.2g 2720 43.8 71.1 813.5
1:56.51 67.0 1472660 1.2g 2720 99.9 77.8 811.5
1:57.96 67.8 1488368 1.2g 2720 99.9 77.2 810.0
1:59.41 68.6 1504076 1.2g 2720 88.2 64.9 810.0
2:00.80 69.4 1518860 1.2g 2720 93.8 76.0 807.5
2:02.28 70.3 1534700 1.3g 2720 88.2 64.2 807.0
2:03.66 71.1 1549484 1.3g 2720 94.1 67.4 803.7
2:05.08 71.9 1564664 1.3g 2720 50.0 70.4 803.2
2:06.63 72.8 1581164 1.3g 2720 75.0 76.3 796.0
2:08.19 73.7 1597928 1.3g 2720 93.8 77.8 789.5
2:09.57 74.4 1612580 1.3g 2712 94.1 62.0 786.0
2:11.20 75.4 1630004 1.3g 2704 93.3 74.9 770.7
2:12.89 76.4 1648220 1.4g 2656 93.3 68.8 769.2
2:14.65 77.3 1666964 1.4g 2576 95.2 70.8 729.2
2:17.31 78.9 1695476 1.4g 2496 93.8 75.9 711.5
2:18.93 79.8 1712504 1.4g 2496 88.9 69.9 691.0
2:20.30 80.6 1727156 1.4g 2496 93.8 70.9 674.5
2:21.73 81.4 1742204 1.5g 2496 93.8 73.9 663.2
2:23.21 81.8 1758176 1.5g 2496 99.9 67.1 656.0
2:24.72 81.9 1774280 1.5g 2496 62.5 63.9 639.5
2:26.24 82.3 1790780 1.5g 2496 58.8 70.8 627.5
2:27.74 82.2 1806884 1.5g 2496 87.5 74.0 608.2
2:29.28 82.1 1822988 1.5g 2492 87.5 73.0 580.2
2:30.68 82.5 1837772 1.5g 2492 99.9 86.1 559.7
2:32.77 82.6 1860080 1.5g 2488 86.7 75.3 555.2
2:34.23 83.5 1875920 1.5g 2488 99.9 80.5 531.4
2:35.61 83.2 1890836 1.5g 2488 99.9 63.7 529.3
2:37.05 83.6 1906148 1.5g 2488 94.1 64.9 523.8
2:38.68 82.9 1923572 1.5g 2488 93.3 80.3 491.7
2:40.13 83.8 1939016 1.5g 2488 94.1 64.2 491.7
2:41.50 83.7 1953668 1.5g 2488 99.9 67.1 476.5
2:43.08 83.8 1970696 1.5g 2440 41.2 63.5 454.5
2:44.69 83.9 1988120 1.5g 2440 86.7 67.5 441.5
2:46.09 83.7 2002772 1.5g 2440 64.7 74.3 422.5
2:47.59 84.2 2019008 1.5g 2440 78.9 73.9 411.0
2:49.00 84.4 2034320 1.5g 2440 77.8 69.0 389.7
2:50.55 84.5 2050556 1.5g 2440 99.9 63.1 373.0
2:52.05 83.7 2066792 1.5g 2440 93.8 75.9 357.7
2:53.39 84.2 2081048 1.5g 2440 80.0 70.9 352.2
2:54.84 82.6 2096624 1.5g 2432 56.2 70.2 304.7
2:56.54 83.1 2114180 1.5g 2432 99.9 69.0 296.9
2:58.04 83.7 2130152 1.5g 2432 99.9 65.3 291.4
2:59.41 83.8 2144936 1.5g 2432 94.1 64.7 279.9
3:00.81 83.7 2159984 1.5g 2432 52.9 72.1 259.8
3:02.28 83.9 2175824 1.5g 2432 82.4 68.2 249.0
3:03.68 83.2 2190872 1.5g 2432 93.8 80.8 220.7
3:05.08 84.0 2205920 1.5g 2432 94.1 64.3 221.2
3:06.48 84.4 2221232 1.5g 2432 94.1 65.0 214.2
3:07.84 84.2 2235752 1.5g 2432 99.9 71.1 196.5
3:09.38 84.4 2252252 1.5g 2432 93.8 64.7 175.0
3:10.82 84.1 2267696 1.5g 2432 81.2 71.9 162.2
3:12.24 84.0 2282876 1.5g 2432 52.9 68.5 146.0
3:13.70 84.3 2298452 1.5g 2432 87.5 71.9 123.7
3:15.13 84.5 2313764 1.5g 2432 93.8 74.0 115.2
3:16.58 84.3 2329208 1.5g 2432 76.5 73.0 101.0
3:17.99 84.7 2344256 1.5g 2432 87.5 68.5 77.0
3:20.22 84.3 2368016 1.5g 2432 93.3 64.0 60.5
3:21.67 84.1 2383460 1.5g 2432 99.9 84.7 33.4
3:23.03 84.0 2397848 1.5g 2432 99.9 66.4 33.4
3:24.39 84.1 2412368 1.5g 2432 94.1 66.0 21.4
1562.7 626.3
1556.1 626.8
1550.4 627.6
1549.8 627.8
1549.2 628.1
1549.3 628.1
1549.4 628.1
1548.7 628.1
1548.5 628.1
1548.7 628.1
1548.8 628.1
1548.1 628.1
1548.1 628.3
1549.1 628.3
1549.1 628.3
1548.3 628.3
1548.1 628.3
1548.3 628.3
1548.3 628.3
1547.6 628.3
1547.6 628.3
1548.4 628.3
1548.7 628.3
1547.4 628.6
1547.5 628.6
1546.8 628.8
1542.4 628.8
1541.7 629.1
1541.4 629.1
1550.0 632.8
1552.2 632.8
1552.7 633.3
1552.4 633.3
1551.5 633.6
1550.4 634.1
1544.4 635.8
1544.1 674.6
1585.7 717.8
1585.7 717.8
1585.7 717.8
1585.7 717.8
1585.7 717.8
1575.8 718.3
1570.2 718.6
1540.8 719.3
1508.3 722.1
1491.8 726.1
1475.7 729.1
1462.2 729.1
1460.9 729.1
1462.9 729.1
1463.0 729.1
1462.9 729.1
1462.1 729.1
1463.3 729.1
1461.4 729.1
1459.0 729.1
1457.8 729.1
1457.5 729.1
1457.7 729.1
1472.6 729.1
1472.5 729.1
1473.8 729.3
1473.5 729.3
1473.3 729.3
1474.0 729.3
1474.1 729.3
1473.9 729.3
1473.8 729.3
1473.6 729.3
1473.2 729.3
1472.0 729.3
1473.1 729.3
1473.1 729.3
1473.0 729.3
1472.9 729.3
1472.7 729.3
1471.9 729.3
1471.7 729.3
1471.8 729.3
1472.6 729.3
1472.3 729.3
1471.6 729.3
1471.6 729.3
1471.2 729.3
1471.4 729.3
1471.5 729.3
1471.7 729.3
1471.7 729.3
1471.6 729.3
1471.5 729.3
1470.8 729.3
1470.9 729.3
1468.6 729.3
1470.7 729.3
1470.9 729.3
1470.6 729.3
1470.3 729.3
1470.5 729.3
1469.8 729.3
1469.9 729.3
1469.9 729.3
1469.7 729.3
1470.7 729.3
1470.0 729.3
1470.0 729.3
1469.0 729.3
1470.0 729.3
1469.2 729.3
1469.2 729.3
1469.1 729.3
1469.9 729.3
1469.2 729.3
1469.2 729.3
1469.3 729.3
1469.2 729.3
1468.4 729.3
1468.4 729.3
1468.4 729.3
1469.1 729.3
1469.0 729.3
1468.6 729.3
1468.8 729.3
1468.0 729.3
1475.2 729.3
1475.2 729.3
1474.8 729.3
1475.4 729.3
1475.6 729.3
1474.8 729.3
1474.7 729.3
1474.6 729.3
1474.2 729.3
1474.2 729.3
1474.4 729.3
1474.2 729.3
1475.8 729.3
1475.6 729.3
1475.5 729.3
1475.5 729.3
1474.6 729.3
1474.3 729.3
1475.1 729.3
1475.1 729.3
1475.0 729.3
1474.1 729.3
1473.8 729.3
1473.7 729.3
1473.6 729.3
1473.6 729.3
1475.4 729.3
1475.0 729.3
1474.4 729.3
1474.3 729.3
1473.2 729.3
1474.0 729.3
1473.9 729.3
1473.0 729.3
1472.8 729.3
1473.7 729.3
1473.5 729.3
1473.5 729.3
1472.6 729.3
1472.9 729.3
1472.3 729.3
1473.4 729.3
1473.3 729.3
1473.3 729.3
1474.0 729.3
1473.2 729.3
1473.0 729.3
1472.8 729.3
1472.8 729.3
1472.8 729.3
1471.9 729.3
1471.9 729.3
1472.5 729.3
1472.4 729.3
1472.4 729.3
1471.6 729.3
1471.1 729.3
1472.2 729.3
1472.1 729.3
1472.1 729.3
1472.2 729.3
1471.9 729.3
1471.9 729.3
1471.8 729.3
1471.8 729.3
1470.7 729.3
1470.8 729.3
1472.2 729.3
1471.4 729.3
1472.3 729.3
1472.2 729.3
1472.3 729.3
1472.3 729.3
1472.6 729.3
1472.3 729.3
1472.3 729.3
1472.4 729.3
1472.5 729.3
1468.5 729.3
1471.9 729.3
1471.9 729.3
1472.0 729.3
1471.1 729.3
1471.8 729.3
1471.0 729.3
1471.0 729.3
1472.0 729.3
1471.8 729.3
1470.9 729.3
1472.2 729.3
1472.2 729.3
1472.0 729.3
1472.1 729.3
1471.2 729.3
1472.2 729.3
1472.0 729.3
1472.0 729.3
1472.1 729.3
1471.2 729.3
1471.3 729.3
1471.1 729.3
1471.0 729.3
1471.2 729.3
1471.3 729.3
1472.3 729.3
1472.0 729.3
1472.2 729.3
1472.3 729.3
1471.5 729.3
1471.2 729.3
1471.2 729.3
1471.3 729.3
1472.4 729.3
1472.2 729.3
1471.0 729.3
1471.1 729.3
1471.1 729.3
1469.9 729.3
1471.6 729.3
1470.8 729.3
1470.7 729.3
1471.9 729.3
1471.6 729.3
1471.6 729.3
1470.8 729.3
1470.9 729.3
1469.9 729.3
1471.8 729.3
1471.8 729.3
1470.9 729.3
1472.0 729.3
1471.7 729.3
1471.8 729.3
1470.9 729.3
1442.2 729.6
1411.1 729.6
1374.6 729.6
1378.8 729.6
1383.0 729.6
1384.3 729.6
1383.6 729.6
1384.0 729.6
1384.2 729.6
1383.2 729.6
1383.2 729.6
1383.0 729.6
1383.1 729.6
1384.2 729.6
1383.7 729.6
1383.5 729.6
1382.8 729.6
1382.9 729.6
1396.7 729.6
1396.0 729.6
1395.8 729.6
1395.8 729.6
1396.0 729.6
1396.3 729.6
1396.2 729.6
1396.3 729.6
1396.2 729.6
1395.5 729.6
1395.4 729.6
1395.5 729.6
1395.7 729.6
1395.8 729.6
1395.9 729.6
1395.9 729.6
1395.9 729.6
1396.1 729.6
1395.3 729.6
1395.2 729.6
1395.3 729.6
1395.4 729.6
1394.7 729.6
1395.5 729.6
1395.7 729.6
1395.9 729.6
1395.2 729.6
1395.3 729.6
1395.2 729.6
1395.3 729.6
1395.5 729.6
1394.8 729.6
1395.6 729.6
1395.7 729.6
1395.9 729.6
1395.3 729.6
1395.1 729.6
1395.2 729.6
1395.3 729.6
1394.6 729.6
1393.7 729.6
1395.6 729.6
1395.7 729.6
1395.0 729.6
1395.0 729.6
1395.0 729.6
1395.0 729.6
1394.3 729.6
1394.4 729.6
1394.2 729.6
1395.3 729.6
1394.5 729.6
1394.7 729.6
1393.3 729.6
1394.6 729.6
1394.0 729.6
1394.0 729.6
1395.0 729.6
1394.9 729.6
1395.2 729.6
1395.2 729.6
1395.4 729.6
1395.2 729.6
1394.5 729.6
1394.6 729.6
1394.3 729.6
1393.5 729.6
1394.1 729.6
1394.3 729.6
