TIME MEM VIRT RES SHR CPU FREE SWAP
0:00.19 0.3 224600 5100 2796 66.7 1200.1 820.0
0:00.97 0.7 233312 13812 2796 44.4 1185.0 820.0
0:01.75 1.2 241628 21996 2796 41.2 1165.9 820.0
0:02.52 1.6 249944 30444 2796 44.4 1149.4 820.0
0:03.28 2.1 258524 38892 2796 47.1 1131.4 820.0
0:04.06 2.5 267104 47604 2796 55.6 1115.4 820.0
0:04.82 3.0 275684 56052 2796 44.4 1098.5 820.0
0:05.55 3.4 283868 64236 2796 44.4 1082.4 820.0
0:06.29 3.9 291920 72420 2796 44.4 1066.6 820.0
0:07.02 4.3 299840 80340 2796 50.0 1050.8 820.0
0:07.74 4.7 307628 87992 2796 52.9 1034.7 820.0
0:08.47 5.1 315812 96176 2796 41.2 1018.7 820.0
0:09.24 5.6 324128 104624 2796 38.9 1002.6 820.0
0:10.02 6.0 332576 113072 2796 26.3 986.3 820.0
0:10.81 6.5 341156 121520 2796 38.9 969.6 820.0
0:11.55 6.9 349340 129704 2796 41.2 953.0 820.0
0:12.32 7.4 357656 138152 2796 50.0 935.6 820.0
0:13.10 7.8 366104 146600 2796 50.0 917.4 820.0
0:13.88 8.3 374684 155048 2796 47.1 901.9 820.0
0:14.64 8.7 383000 163496 2796 41.2 885.9 820.0
0:15.36 9.1 390788 171152 2796 52.9 871.9 820.0
0:16.11 9.6 399236 179600 2796 44.4 855.6 820.0
0:16.85 10.0 407156 187520 2796 50.0 838.8 820.0
0:17.59 10.5 415472 195968 2796 38.9 820.2 820.0
0:18.32 10.9 423392 203888 2796 41.2 806.1 820.0
0:19.07 11.3 431708 212072 2796 41.2 788.9 820.0
0:19.83 11.8 440552 221048 2796 26.3 771.6 820.0
0:20.61 12.3 449132 229496 2796 37.5 756.1 820.0
0:21.38 12.7 457580 237944 2796 41.2 737.8 820.0
0:22.12 13.2 465896 246392 2796 50.0 721.9 820.0
0:22.90 13.6 474344 254840 2796 47.1 706.0 820.0
0:23.68 14.1 482924 263288 2796 42.1 687.1 820.0
0:24.45 14.5 491372 271736 2796 55.6 670.2 820.0
0:25.19 15.0 499820 280184 2796 46.7 653.8 820.0
0:25.92 15.4 508004 288368 2796 44.4 638.5 820.0
0:26.65 15.9 516056 296552 2796 41.2 621.6 820.0
0:27.40 16.3 524372 304736 2796 47.1 605.3 820.0
0:28.15 16.7 532556 312920 2796 41.2 588.5 820.0
0:28.91 17.2 541268 321632 2796 29.4 572.6 820.0
0:29.70 17.7 549980 330344 2796 31.6 555.4 820.0
0:30.48 18.1 558692 339056 2796 33.3 537.9 820.0
0:31.27 18.6 567536 348032 2796 37.5 520.5 820.0
0:32.06 19.1 576380 356744 2796 45.0 501.8 820.0
0:32.84 19.5 584960 365456 2796 50.0 487.2 820.0
0:33.63 20.0 593804 374168 2796 56.2 469.5 820.0
0:34.39 20.5 602516 382880 2796 44.4 451.9 820.0
0:35.15 20.9 611096 391592 2796 47.1 434.9 820.0
0:35.90 21.4 619412 399776 2796 38.9 419.9 820.0
0:36.64 21.8 627464 407960 2796 43.8 402.1 820.0
0:37.40 22.3 635912 416408 2796 47.1 386.9 820.0
0:38.12 22.7 643964 424328 2796 46.7 369.5 820.0
0:38.87 23.1 652412 432776 2796 43.8 353.5 820.0
0:39.64 23.6 660992 441488 2796 37.5 336.6 820.0
0:40.42 24.1 669704 450200 2796 33.3 319.2 820.0
0:41.20 24.5 678416 458912 2796 31.2 303.4 820.0
0:42.01 25.0 687524 467888 2796 50.0 284.5 820.0
0:42.79 25.5 696104 476600 2796 44.4 266.5 820.0
0:43.59 25.9 704948 485312 2796 50.0 250.9 820.0
0:44.35 26.4 713396 493760 2796 44.4 230.5 820.0
0:45.12 26.9 722108 502472 2796 41.2 217.8 820.0
0:45.91 27.3 730952 511448 2796 44.4 201.0 820.0
0:46.65 27.8 739400 519896 2796 43.8 184.5 820.0
0:47.41 28.2 747716 528080 2796 50.0 168.1 820.0
0:48.14 28.7 755768 536264 2796 47.1 150.4 820.0
0:48.83 29.1 763556 543920 2796 44.4 139.4 820.0
0:49.59 29.5 771608 552104 2796 52.9 123.2 820.0
0:50.35 30.0 780056 560552 2796 50.0 106.4 820.0
0:51.12 30.4 788768 569264 2796 29.4 88.3 820.0
0:51.92 30.9 797480 577976 2796 26.3 70.5 820.0
0:52.86 31.4 807644 587980 2768 23.5 70.7 819.5
0:53.62 31.9 815960 596428 2768 29.4 73.3 818.5
0:54.46 32.4 825200 605668 2768 31.6 82.7 816.2
0:55.22 32.8 833384 613852 2768 38.9 66.1 816.2
0:56.00 33.3 841964 622300 2768 36.8 75.5 815.5
0:56.90 33.8 851864 632332 2768 37.5 79.0 814.0
0:57.66 34.2 860048 640516 2768 36.8 69.5 813.5
0:58.41 34.7 868364 648700 2768 27.8 84.7 811.5
0:59.21 35.1 876944 657412 2768 31.6 72.5 811.0
1:00.03 35.6 885524 665860 2768 25.0 72.8 809.2
1:00.82 36.1 894236 674572 2768 37.5 81.3 807.2
1:01.61 36.5 902948 683284 2768 29.4 72.1 806.5
1:02.38 37.0 911528 691996 2768 37.5 71.4 803.2
1:03.17 37.5 920372 700708 2768 52.9 73.4 800.0
1:04.58 38.2 935156 715324 2600 29.4 73.3 755.7
1:06.21 39.2 953108 733268 2592 38.9 75.2 728.7
1:07.01 39.7 962084 742244 2592 25.0 74.2 709.7
1:07.73 40.1 970136 750428 2592 37.5 70.1 702.5
1:08.44 40.5 978056 758348 2592 47.1 79.6 682.2
1:09.25 41.0 986900 767060 2592 47.1 78.5 667.0
1:10.05 41.0 995876 767620 2592 50.0 73.1 657.0
1:10.79 41.2 1004060 770396 2592 40.0 70.6 636.5
1:11.56 40.9 1012508 766132 2588 43.8 67.9 623.7
1:12.26 41.0 1020296 766836 2540 40.0 65.8 607.7
1:13.09 40.9 1029140 765364 2540 37.5 73.4 577.5
1:13.84 41.0 1037456 767752 2540 47.1 75.3 558.9
1:14.59 41.1 1045640 768160 2540 50.0 64.3 554.9
1:15.34 41.1 1053956 769280 2540 43.8 65.0 539.6
1:16.11 41.2 1062404 770744 2536 50.0 64.8 523.6
1:16.85 41.1 1070588 768900 2536 29.4 72.7 498.2
1:17.65 41.1 1079564 769496 2536 35.3 70.4 484.2
1:18.42 41.1 1088276 769180 2532 29.4 76.2 464.7
1:19.22 41.5 1097120 777284 2532 27.8 67.2 463.7
1:20.00 41.8 1105964 781360 2524 31.2 72.0 436.5
1:20.82 41.6 1115072 777876 2524 26.3 70.1 426.5
1:21.59 41.6 1123652 778376 2524 22.2 72.7 409.2
1:22.46 41.9 1133288 783592 2524 40.0 68.2 398.5
1:23.23 41.9 1141736 783236 2516 41.2 70.9 378.2
1:24.00 42.0 1150316 786264 2516 36.8 66.5 367.2
1:24.77 42.1 1158764 788000 2508 27.8 65.9 352.7
1:25.64 41.6 1168400 777976 2472 25.0 69.3 301.7
1:26.48 41.8 1177640 781124 2472 43.8 64.1 298.5
1:27.27 41.8 1186352 782960 2472 33.3 61.9 268.8
1:28.03 41.9 1194800 784532 2472 43.8 63.8 259.8
1:28.78 42.0 1203116 784960 2472 27.8 68.3 253.3
1:29.54 41.9 1211564 784272 2452 26.3 76.1 233.0
1:30.37 41.8 1220672 781856 2436 33.3 78.0 210.0
1:31.15 42.1 1229384 787748 2436 33.3 70.6 205.0
1:31.94 41.8 1238096 781788 2436 25.0 65.6 167.0
1:32.86 42.0 1248260 785200 2432 50.0 67.3 152.2
1:33.61 41.6 1256444 778776 2432 31.2 72.3 124.2
1:34.76 41.7 1269116 781032 2432 46.7 62.1 104.2
1:35.50 41.6 1277300 779112 2432 43.8 64.8 95.7
1:36.31 41.8 1286276 782940 2432 57.9 74.2 70.2
1:37.04 41.9 1294460 783444 2432 47.1 62.2 62.0
1:37.78 42.0 1302512 785172 2432 47.1 64.2 51.2
1:38.52 41.9 1310564 784708 2432 40.0 82.0 24.3
1:39.50 42.0 1321520 785108 2432 52.9 64.8 11.0
1:40.25 42.1 1329836 787244 2432 53.3 65.4 0.0
1:45.13 44.3 1376960 828096 1536 56.2 741.9 320.4
1:46.45 45.0 1391480 842616 1536 94.1 723.5 320.5
1:47.83 45.9 1406792 858372 1728 45.0 708.2 320.5
1:49.32 46.8 1423292 874740 1728 88.2 691.6 320.6
1:50.70 47.6 1438868 890316 1728 87.5 677.2 320.6
1:52.11 48.4 1454708 906156 1728 87.5 661.5 320.6
1:53.48 49.2 1469624 921204 1728 94.1 646.2 320.6
1:54.82 50.0 1484408 935988 1728 87.5 632.4 320.6
1:56.13 50.8 1498400 949716 1728 99.9 618.7 320.7
1:57.53 51.6 1513712 965292 1728 66.7 604.4 320.7
1:59.02 52.5 1530212 981660 1728 76.5 588.7 320.7
2:00.47 53.3 1546316 997764 1728 77.8 571.2 320.8
2:01.92 54.2 1562288 990.1m 1728 93.8 555.3 320.8
2:03.33 55.0 1577864 1.0g 1728 88.2 540.0 320.8
2:04.73 55.8 1593308 1.0g 1728 94.1 526.3 320.8
2:06.11 56.7 1608752 1.0g 1728 88.2 510.5 320.8
2:07.52 57.5 1624460 1.0g 1728 72.2 495.2 320.8
2:08.94 58.4 1640168 1.0g 1728 70.6 480.2 320.8
2:10.40 59.2 1656140 1.1g 1728 58.8 463.2 320.8
2:11.81 60.0 1671716 1.1g 1728 88.2 448.2 320.9
2:13.16 60.8 1686764 1.1g 1728 76.5 433.5 320.9
2:14.53 61.6 1701812 1.1g 1728 88.2 419.4 320.9
2:15.87 62.4 1716464 1.1g 1728 82.4 404.0 320.9
2:17.22 63.2 1731512 1.1g 1728 82.4 388.9 320.9
2:18.65 64.1 1747220 1.1g 1728 38.9 373.9 320.9
2:20.11 64.9 1763588 1.2g 1728 76.5 356.9 320.9
2:21.53 65.8 1778900 1.2g 1728 88.2 342.4 320.9
2:22.92 66.6 1793948 1.2g 1728 99.9 327.8 320.9
2:24.30 67.4 1809128 1.2g 1728 94.1 312.7 321.3
2:25.65 68.2 1824308 1.2g 1728 82.4 299.5 321.7
2:26.98 69.0 1838696 1.2g 1728 82.4 283.6 322.1
2:28.38 69.8 1854008 1.2g 1728 43.8 268.6 322.1
2:29.82 70.6 1869848 1.3g 1728 87.5 251.9 322.1
2:31.24 71.5 1885820 1.3g 1728 88.2 236.4 322.1
2:32.64 72.3 1901264 1.3g 1728 82.4 222.0 322.1
2:33.97 73.1 1916048 1.3g 1728 81.2 207.3 322.1
2:35.33 73.9 1931096 1.3g 1728 81.2 192.7 322.1
2:36.69 74.7 1946144 1.3g 1728 66.7 177.0 322.1
2:38.13 75.6 1962116 1.3g 1728 50.0 161.8 322.1
2:39.52 76.4 1977560 1.4g 1728 76.5 146.7 322.1
2:40.89 77.2 1992608 1.4g 1728 70.6 131.8 322.1
2:42.27 78.0 2006864 1.4g 1728 88.2 117.7 322.1
2:43.64 78.8 2022044 1.4g 1728 88.9 101.6 322.4
2:44.97 79.6 2037224 1.4g 1728 81.2 87.7 322.4
2:46.36 80.4 2052668 1.4g 1728 50.0 73.2 322.4
2:47.85 81.3 2069300 1.5g 1728 83.3 69.9 322.2
2:49.28 81.9 2085140 1.5g 1728 93.8 68.4 318.4
2:50.65 82.1 2100188 1.5g 1728 66.7 79.3 305.2
2:52.55 82.9 2120648 1.5g 1728 94.1 69.3 302.0
2:53.84 83.0 2135036 1.5g 1728 82.4 65.6 291.2
2:55.97 82.9 2158400 1.5g 1700 94.1 72.2 269.2
2:58.18 82.6 2182820 1.5g 1672 87.5 73.6 239.9
2:59.89 83.4 2201432 1.5g 1672 78.9 75.5 201.8
3:04.28 81.6 2250404 1.5g 1672 85.2 72.7 153.9
3:06.13 82.1 2270996 1.5g 1672 95.2 67.0 148.6
3:08.44 82.5 2296736 1.5g 1644 84.6 67.9 107.8
3:10.64 81.9 2321024 1.5g 1644 52.6 76.0 82.7
3:12.29 81.2 2339108 1.4g 1644 55.6 59.5 58.0
3:14.34 81.3 2361944 1.5g 1644 53.3 68.5 17.1
3:17.12 80.4 2392832 1.4g 1644 80.0 72.3 0.7
3:18.64 81.2 2409596 1.4g 1644 87.5 65.2 0.0
3:22.91 83.1 2447084 1.5g 0 0.9 1529.6 659.2
1513.2 660.0
1505.0 660.9
1536.1 677.6
1519.4 677.9
1482.8 678.4
1472.3 678.6
1465.1 681.7
1478.4 719.0
1468.7 719.1
1488.2 719.4
1487.5 719.4
1487.3 719.4
1486.4 719.4
1486.9 719.4
1487.7 719.5
1487.4 719.5
1487.2 719.5
1487.0 719.5
1486.8 719.5
1486.1 719.8
1449.8 720.2
1423.1 721.9
1407.6 724.7
1383.8 726.1
1348.7 726.2
1330.2 726.2
1311.8 726.2
1277.5 726.2
1287.5 726.2
1286.4 726.2
1287.9 726.2
1288.2 726.2
1287.7 726.2
1286.4 726.2
1286.1 726.2
1286.1 726.2
1285.5 726.2
1282.8 726.4
1281.6 726.4
1279.8 726.4
1296.8 726.4
1295.3 726.4
1309.3 726.4
1309.8 726.4
1309.2 726.4
1308.5 726.4
1307.8 726.4
1308.0 726.4
1307.5 726.4
1307.8 726.4
1307.3 726.4
1306.8 726.4
1307.3 726.4
1306.8 726.4
1307.1 726.4
1306.5 726.4
1305.0 726.4
1305.3 726.4
1305.2 726.4
1305.7 726.4
1305.0 726.4
1305.7 726.4
1304.1 726.4
1304.7 726.4
1303.3 726.4
1303.9 726.4
1303.1 726.4
1302.7 726.4
1303.2 726.4
1302.7 726.4
1302.7 726.4
1302.5 726.4
1303.1 726.4
1320.7 726.4
1319.6 726.4
1319.2 726.4
1321.4 726.4
1322.1 726.4
1321.8 726.4
1320.2 726.4
1321.0 726.4
1321.7 726.4
1322.5 726.4
1322.0 726.4
1321.2 726.4
