TIME MEM VIRT RES SHR CPU FREE SWAP
0:00.06 0.2 223280 3932 2964 20.0 1196.4 820.0
0:00.85 0.7 231860 12380 2964 27.8 1181.5 820.0
0:01.63 1.1 240308 20828 2964 33.3 1166.4 820.0
0:02.42 1.6 249020 29540 2964 33.3 1147.7 820.0
0:03.19 2.0 257468 37988 2964 42.1 1129.6 820.0
0:03.96 2.5 266048 46700 2964 42.1 1113.6 820.0
0:04.73 2.9 274496 55148 2964 41.2 1097.4 820.0
0:05.48 3.4 282812 63332 2964 37.5 1080.8 820.0
0:06.23 3.8 290732 71252 2964 35.3 1065.3 820.0
0:06.97 4.2 298916 79436 2964 38.9 1048.7 820.0
0:07.68 4.7 306836 87352 2964 38.9 1032.9 820.0
0:08.40 5.1 314756 95272 2964 38.9 1017.3 820.0
0:09.14 5.5 322544 103192 2964 47.1 1000.0 820.0
0:09.90 6.0 330992 111640 2964 42.1 983.7 820.0
0:10.66 6.4 339176 119824 2964 27.8 967.6 820.0
0:11.41 6.8 347492 128008 2964 25.0 951.2 820.0
0:12.20 7.3 356204 136720 2964 35.0 934.1 820.0
0:12.98 7.8 364916 145432 2964 42.1 916.0 820.0
0:13.73 8.2 372968 153616 2964 41.2 900.2 820.0
0:14.50 8.7 381548 162064 2964 44.4 884.7 820.0
0:15.25 9.1 389996 170512 2964 47.1 868.3 820.0
0:16.01 9.6 398444 178960 2964 42.1 852.5 820.0
0:16.75 10.0 406628 187408 2964 47.1 836.0 820.0
0:17.45 10.4 414548 195064 2964 35.3 819.6 820.0
0:18.20 10.9 422732 203248 2964 38.9 803.2 820.0
0:18.95 11.3 431180 211696 2964 38.9 786.7 820.0
0:19.69 11.8 439496 220144 2964 26.3 770.3 820.0
0:20.46 12.2 448076 228592 2964 26.3 753.5 820.0
0:21.23 12.7 456524 237040 2964 26.3 736.7 820.0
0:22.01 13.1 465236 245752 2964 42.1 719.1 820.0
0:22.79 13.6 474080 254728 2964 50.0 702.4 820.0
0:23.54 14.0 482132 262648 2964 35.3 686.3 820.0
0:24.28 14.5 490580 271096 2964 35.3 669.3 820.0
0:25.04 14.9 499028 279544 2964 41.2 652.7 820.0
0:25.77 15.4 507344 287992 2964 38.9 637.3 820.0
0:26.51 15.8 515528 296176 2964 42.1 620.4 820.0
0:27.23 16.3 523580 304096 2964 38.9 604.7 820.0
0:27.97 16.7 531896 312544 2964 47.1 590.0 820.0
0:28.73 17.2 540344 320992 2964 35.3 574.1 820.0
0:29.51 17.6 548792 329440 2964 37.5 554.8 820.0
0:30.28 18.1 557372 337888 2964 31.2 538.6 820.0
0:31.07 18.5 566216 346864 2964 37.5 519.9 820.0
0:31.86 19.0 574928 355576 2964 47.4 501.2 820.0
0:32.63 19.5 583508 364024 2964 44.4 482.1 820.0
0:33.41 19.9 592352 373000 2964 38.9 467.9 820.0
0:34.18 20.4 600800 381448 2964 44.4 451.2 820.0
0:34.94 20.9 609512 390160 2964 47.1 434.1 820.0
0:35.69 21.3 617960 398608 2964 43.8 419.1 820.0
0:36.43 21.7 626144 406792 2964 47.1 402.4 820.0
0:37.19 22.2 634592 415240 2964 47.4 386.0 820.0
0:37.93 22.6 642644 423424 2964 50.0 370.2 820.0
0:38.69 23.1 651092 431608 2964 44.4 355.0 820.0
0:39.46 23.5 659672 440320 2964 43.8 336.0 820.0
0:40.23 24.0 668384 449032 2964 35.3 319.8 820.0
0:41.01 24.5 677096 457744 2964 27.8 302.8 820.0
0:41.82 24.9 686204 466720 2964 42.1 285.0 820.0
0:42.59 25.4 694784 475432 2964 43.8 267.1 820.0
0:43.39 25.9 703628 484144 2964 38.9 249.9 820.0
0:44.15 26.3 711944 492592 2964 56.2 233.9 820.0
0:44.92 26.8 720524 501040 2964 42.1 217.0 820.0
0:45.69 27.2 728972 509488 2964 50.0 200.3 820.0
0:46.44 27.7 737420 517936 2964 47.1 183.6 820.0
0:47.19 28.1 745736 526384 2964 50.0 167.3 820.0
0:47.91 28.6 753656 534304 2964 47.1 150.8 820.0
0:48.62 29.0 761444 541960 2964 44.4 138.5 820.0
0:49.37 29.4 769496 550144 2964 41.2 122.5 820.0
0:50.14 29.9 778208 558856 2964 36.8 105.5 820.0
0:50.91 30.3 786788 567304 2964 26.3 88.9 820.0
0:51.72 30.8 795896 576544 2964 33.3 71.1 820.0
0:52.67 31.4 806192 586812 2936 23.5 71.4 819.5
0:53.42 31.8 814376 594996 2936 29.4 73.9 818.5
0:54.27 32.3 823616 604236 2936 27.8 83.2 816.2
0:55.02 32.7 831800 612420 2936 33.3 65.5 816.2
0:55.80 33.2 840380 620868 2936 26.3 74.9 815.5
0:56.69 33.7 849884 630372 2936 25.0 78.3 814.0
0:57.46 34.1 858068 638556 2936 35.0 70.0 813.5
0:58.22 34.6 866384 647004 2936 31.2 83.8 811.5
0:59.00 35.0 875096 655716 2936 26.3 71.6 811.0
0:59.83 35.5 884072 664692 2936 25.0 72.1 809.2
1:00.61 36.0 892784 673404 2936 35.3 80.6 807.2
1:01.42 36.5 901760 682380 2936 35.3 71.5 806.5
1:02.19 36.9 910472 691092 2936 43.8 70.9 803.2
1:02.97 37.4 919316 699796 2928 44.4 73.4 800.0
1:04.39 38.2 934364 714712 2796 37.5 73.1 755.7
1:06.01 39.2 952316 732660 2792 38.9 75.7 728.7
1:06.80 39.6 961292 741636 2792 29.4 74.9 709.7
1:07.61 40.1 970268 750612 2792 41.2 67.9 702.5
1:08.31 40.5 978056 758532 2792 33.3 73.2 682.2
1:09.12 40.8 987296 763076 2792 26.7 72.8 667.0
1:09.96 41.0 996536 767212 2792 41.2 70.4 657.0
1:10.73 41.1 1005116 768408 2792 40.0 75.7 636.5
1:11.45 41.1 1013036 768884 2788 33.3 66.1 623.7
1:12.16 41.1 1020824 769760 2740 41.2 63.9 607.7
1:12.93 41.1 1029272 768136 2740 41.7 73.9 577.5
1:13.66 41.2 1037456 770204 2740 43.8 76.1 558.9
1:14.42 41.2 1045904 770916 2740 47.1 64.9 554.9
1:15.16 41.3 1054352 772380 2740 46.7 64.4 539.6
1:15.92 41.4 1062668 773768 2732 33.3 64.8 523.6
1:16.68 41.3 1070984 771896 2732 38.9 72.1 498.2
1:17.47 41.3 1079960 772512 2732 31.2 69.8 484.2
1:18.26 41.3 1088672 772264 2720 35.3 75.6 464.7
1:19.03 41.7 1097252 780212 2720 33.3 67.8 463.7
1:19.83 41.9 1106096 784500 2716 37.5 71.2 436.5
1:20.64 41.7 1115336 780680 2716 31.6 68.5 426.5
1:21.42 41.8 1123916 781188 2716 29.4 72.0 409.2
1:22.28 42.0 1133288 786032 2716 40.0 69.8 398.5
1:23.04 42.0 1141868 785700 2708 33.3 70.2 378.2
1:23.82 42.1 1150316 788576 2708 33.3 67.1 367.2
1:24.60 42.3 1159160 790880 2700 41.2 66.5 352.7
1:25.44 41.7 1168400 779904 2628 25.0 68.5 301.7
1:26.30 41.9 1177772 783172 2628 50.0 64.7 298.5
1:27.09 42.0 1186616 784920 2628 33.3 67.8 268.8
1:27.86 42.0 1195064 786640 2628 52.9 62.2 259.8
1:28.60 42.1 1203380 786912 2628 33.3 68.9 253.3
1:29.37 42.0 1211828 786408 2608 35.0 75.2 233.0
1:30.18 41.9 1220936 783908 2588 26.7 78.6 210.0
1:30.97 42.2 1229780 789920 2588 27.8 71.2 205.0
1:31.76 41.9 1238756 784060 2588 18.8 64.9 167.0
1:32.68 42.1 1248920 787676 2584 42.1 66.6 152.2
1:33.43 41.7 1257104 780928 2584 31.2 71.8 124.2
1:34.58 41.9 1270040 783452 2580 47.1 62.1 104.0
1:35.33 41.8 1278356 781548 2580 43.8 64.1 95.7
1:36.12 42.0 1287332 785248 2580 42.1 75.1 70.2
1:36.86 42.0 1295516 785768 2580 47.4 62.8 62.0
1:37.60 42.1 1303832 787796 2580 44.4 63.6 51.2
1:38.34 42.1 1312148 787420 2580 37.5 82.1 24.3
1:39.29 42.1 1322708 787228 2576 44.4 63.2 11.0
1:40.05 42.2 1331024 789904 2576 46.7 64.9 0.0
742.5 320.4
725.1 320.5
708.6 320.5
692.1 320.6
677.4 320.6
661.8 320.6
646.2 320.6
632.4 320.6
618.1 320.7
605.4 320.7
588.1 320.7
570.6 320.8
556.0 320.8
540.6 320.8
525.6 320.8
509.9 320.8
494.6 320.8
479.2 320.8
463.4 320.8
448.7 320.9
433.6 320.9
418.4 320.9
404.1 320.9
388.6 320.9
374.6 320.9
357.8 320.9
343.5 320.9
329.7 320.9
313.9 321.1
300.5 321.7
284.7 322.1
268.5 322.1
253.6 322.1
237.2 322.1
223.7 322.1
208.8 322.1
194.1 322.1
178.5 322.1
162.5 322.1
148.2 322.1
133.7 322.1
121.6 322.1
105.9 322.4
90.8 322.4
75.3 322.4
60.7 322.4
73.0 318.4
63.1 307.3
70.0 304.0
69.8 290.7
71.6 269.2
74.2 239.9
67.5 217.5
66.6 159.7
67.7 148.6
61.4 107.8
75.4 82.7
63.7 58.0
68.3 17.1
72.9 0.7
66.1 0.0
1529.6 659.2
1512.0 660.0
1505.4 660.9
1536.6 677.6
1519.9 677.9
1482.2 678.4
1472.3 678.6
1465.2 681.7
1477.9 719.0
1469.2 719.1
1488.7 719.4
1487.4 719.4
1487.3 719.4
1486.2 719.4
1487.1 719.4
1487.8 719.5
1487.6 719.5
1487.2 719.5
1487.0 719.5
1486.9 719.5
1485.3 719.8
1449.7 720.2
1423.7 721.9
1407.5 724.8
1384.1 726.1
1348.7 726.2
1331.3 726.2
1311.2 726.2
1276.8 726.2
1289.0 726.2
1286.6 726.2
1287.9 726.2
1288.1 726.2
1287.7 726.2
1286.5 726.2
1286.1 726.2
1286.1 726.2
1285.4 726.2
1282.1 726.4
1280.9 726.4
1279.3 726.4
1295.5 726.4
1295.8 726.4
1310.8 726.4
1308.3 726.4
1309.2 726.4
1308.5 726.4
1307.8 726.4
1308.0 726.4
1307.4 726.4
1307.8 726.4
1307.3 726.4
1306.8 726.4
1305.0 726.4
1306.9 726.4
1307.1 726.4
1306.5 726.4
1305.0 726.4
1305.3 726.4
1305.2 726.4
1305.6 726.4
1305.0 726.4
1304.1 726.4
1304.1 726.4
1304.7 726.4
1303.3 726.4
1303.8 726.4
1303.2 726.4
1302.7 726.4
1303.3 726.4
1302.7 726.4
1301.9 726.4
1302.4 726.4
1303.1 726.4
1320.7 726.4
1319.6 726.4
1319.2 726.4
1320.4 726.4
1321.1 726.4
1320.9 726.4
1320.4 726.4
1320.1 726.4
1320.1 726.4
1321.6 726.4
1321.0 726.4
1320.2 726.4
1321.2 726.8
1320.9 726.8
1321.8 726.8
1322.5 726.8
1322.3 726.8
1322.2 726.8
1322.0 726.8
1320.7 726.8
1321.5 726.8
1320.5 726.8
1320.4 726.8
1320.0 726.8
1320.9 726.8
1320.7 726.8
1320.8 726.8
1321.5 726.8
1321.2 726.8
1320.9 726.8
1320.6 726.8
1320.5 726.8
1319.3 726.8
1320.1 726.8
1320.1 726.8
1319.9 726.8
1320.7 726.8
1320.3 726.8
1321.2 726.8
1320.2 726.8
1319.8 726.8
1320.1 726.8
1319.1 726.8
1319.0 726.8
1319.6 726.8
1319.7 726.8
1319.5 726.8
1319.2 726.8
1319.9 726.8
1319.0 726.8
1318.8 726.8
1318.8 726.8
1319.6 726.8
1318.8 726.8
1318.5 726.8
1317.9 726.8
1317.8 726.8
1317.8 726.8
1317.7 726.8
1317.7 726.8
1317.6 726.8
1317.6 726.8
1317.6 726.8
1317.5 726.8
1317.4 726.8
1317.2 726.8
1317.2 726.8
1317.0 726.8
1321.2 726.8
1321.6 726.8
1321.6 726.8
1322.3 726.8
1321.7 726.8
1320.7 726.8
1320.8 726.8
1320.8 726.8
1320.7 726.8
1319.8 726.8
1319.7 726.8
1320.8 726.8
1321.0 726.8
1321.7 726.8
1320.8 726.8
1320.7 726.8
1320.7 726.8
1320.5 726.8
1319.6 726.8
1319.5 726.8
1319.4 726.8
1320.0 726.8
1320.9 726.8
1320.4 726.8
1320.3 726.8
1319.9 726.8
1319.4 726.8
1319.4 726.8
1317.9 726.8
1317.4 726.8
1319.0 726.8
1318.5 726.8
1319.8 726.8
1320.4 726.8
1319.2 726.8
1319.3 726.8
1319.4 726.8
1319.3 726.8
1318.5 726.8
1319.3 726.8
1320.3 726.8
1320.3 726.8
1320.3 726.8
1320.1 726.8
1319.2 726.8
1319.8 726.8
1319.7 726.8
1318.3 726.8
1319.3 726.8
1320.3 726.8
1320.2 726.8
1320.4 726.8
1319.9 726.8
1319.5 726.8
1319.6 726.8
1319.3 726.8
1318.6 726.8
1319.7 726.8
1319.8 726.8
1319.9 726.8
1318.9 726.8
1319.6 726.8
1319.6 726.8
1318.8 726.8
1318.5 726.8
1318.6 726.8
1318.5 726.8
1319.1 726.8
1318.2 726.8
1319.0 726.8
1319.8 726.8
1319.8 726.8
1328.4 729.5
1327.3 729.5
1327.5 729.5
1326.9 729.6
1326.9 729.6
1327.1 729.6
1327.0 729.6
1327.1 729.6
1327.2 729.6
1326.5 729.6
1326.3 729.6
1326.3 729.6
1326.4 729.6
1325.7 729.6
1326.6 729.6
1325.5 729.6
1325.6 729.6
1324.9 729.6
1324.8 729.6
1324.8 729.6
1324.8 729.6
1325.7 729.6
1325.1 729.6
1325.9 729.6
1327.1 729.6
1327.2 729.6
1326.3 729.6
1326.2 729.6
1326.3 729.6
1326.5 729.6
1325.8 729.6
1325.8 729.6
1325.8 729.6
1326.0 729.6
1326.3 729.6
1326.3 729.6
1326.3 729.6
1326.4 729.6
1325.7 729.6
1325.9 729.6
1325.8 729.6
1325.9 729.6
1326.1 729.6
1325.4 729.6
1325.1 729.6
1326.4 729.6
1326.6 729.6
1325.8 729.6
1325.9 729.6
1325.8 729.6
1325.9 729.6
1325.2 729.6
1325.4 729.6
1325.2 729.6
1326.4 729.6
1326.4 729.6
1325.7 729.6
1324.9 729.6
1325.8 729.6
1326.0 729.6
1325.3 729.6
1325.2 729.6
1325.3 729.6
1325.4 729.6
1325.7 729.6
1325.8 729.6
1325.7 729.6
1325.8 729.6
1325.2 729.6
1325.2 729.6
1324.6 729.6
1325.2 729.6
1325.4 729.6
1324.7 729.6
1325.7 729.6
1325.7 729.6
1325.9 729.6
1325.2 729.6
1325.3 729.6
1325.2 729.6
1325.3 729.6
1324.6 729.6
1324.8 729.6
1323.8 729.6
1325.9 729.6
1325.2 729.6
1325.3 729.6
1325.3 729.6
1325.3 729.6
1325.4 729.6
1324.8 729.6
1324.9 729.6
1324.8 729.6
1324.9 729.6
1325.1 729.6
1325.1 729.6
1325.0 729.6
1325.0 729.6
1325.1 729.6
1324.4 729.6
1323.0 729.6
1324.3 729.6
1324.4 729.6
1323.6 729.6
1324.4 729.6
1324.6 729.6
1324.6 729.6
1324.8 729.6
1325.0 729.6
1324.8 729.6
1324.9 729.6
1324.3 729.6
1324.4 729.6
1323.7 729.6
1325.4 729.6
1325.5 729.6
1324.8 729.6
1324.9 729.6
1324.8 729.6
1324.9 729.6
1324.2 729.6
1324.2 729.6
1324.2 729.6
1324.2 729.6
1324.4 729.6
1324.5 729.6
1323.2 729.6
1324.5 729.6
1323.8 729.6
1323.9 729.6
1323.7 729.6
1323.8 729.6
1323.9 729.6
1323.2 729.6
1324.3 729.6
1324.2 729.6
1324.3 729.6
1323.5 729.6
1323.7 729.6
1323.5 729.6
1323.6 729.6
1322.9 729.6
1322.9 729.6
1322.7 729.6
1323.9 729.6
1325.4 729.6
1324.7 729.6
1324.8 729.6
1324.7 729.6
1324.8 729.6
1323.6 729.6
1324.2 729.6
1324.1 729.6
1324.4 729.6
1324.6 729.6
1324.7 729.6
1324.6 729.6
1324.7 729.6
1324.0 729.6
1324.0 729.6
1324.2 729.6
1324.0 729.6
1324.1 729.6
1323.6 729.6
1324.8 729.6
1323.4 729.6
1324.8 729.6
1324.1 729.6
1324.2 729.6
1324.3 729.6
1324.3 729.6
1324.4 729.6
1323.8 729.6
1323.9 729.6
1324.7 729.6
1324.8 729.6
1324.1 729.6
1324.3 729.6
1322.9 729.6
1324.3 729.6
1323.6 729.6
1323.8 729.6
1323.9 729.6
1323.9 729.6
1324.1 729.6
1324.2 729.6
1324.4 729.6
1324.3 729.6
1324.4 729.6
1323.7 729.6
1323.9 729.6
1323.5 729.6
1324.9 729.6
1324.3 729.6
1325.4 729.6
1325.5 729.6
1325.4 729.6
1323.7 729.6
1324.0 729.6
1324.1 729.6
1324.0 729.6
1323.4 729.6
1323.5 729.6
1323.6 729.6
1323.4 729.6
1324.6 729.6
1324.0 729.6
1324.1 729.6
1323.9 729.6
1324.1 729.6
1323.4 729.6
1323.5 729.6
1323.7 729.6
1323.6 729.6
1323.8 729.6
1324.1 729.6
1324.1 729.6
1324.1 729.6
1324.2 729.6
1323.5 729.6
1323.7 729.6
1323.4 729.6
1323.6 729.6
1323.0 729.6
1324.1 729.6
1324.1 729.6
1324.0 729.6
1323.4 729.6
1323.4 729.6
1323.5 729.6
1323.4 729.6
1322.7 729.6
1322.7 729.6
1323.8 729.6
1323.4 729.6
1323.9 729.6
1323.9 729.6
1324.0 729.6
1323.7 729.6
1323.9 729.6
1323.2 729.6
1323.3 729.6
1323.3 729.6
1323.4 729.6
1323.6 729.6
1323.7 729.6
1323.8 729.6
1322.6 729.6
1323.0 729.6
1323.1 729.6
1323.3 729.6
1322.4 729.6
1322.4 729.6
1322.5 729.6
1323.5 729.6
1322.9 729.6
1323.6 729.6
1322.8 729.6
1322.9 729.6
1323.0 729.6
1322.9 729.6
1322.2 729.6
1322.3 729.6
1322.5 729.6
1321.7 729.6
1322.6 729.6
1324.6 729.6
1324.7 729.6
1323.9 729.6
1323.9 729.6
1324.0 729.6
1324.2 729.6
1324.4 729.6
1324.3 729.6
1323.6 729.6
1324.7 729.6
1324.9 729.6
1323.5 729.6
1324.0 729.6
1324.1 729.6
1324.2 729.6
1324.2 729.6
1324.3 729.6
1323.7 729.6
1323.8 729.6
1325.0 729.6
1324.9 729.6
1324.2 729.6
1324.3 729.6
1324.4 729.6
1323.2 729.6
1323.7 729.6
1323.8 729.6
1323.9 729.6
1323.2 729.6
1324.0 729.6
1324.2 729.6
1324.3 729.6
1324.4 729.6
1324.3 729.6
1323.6 729.6
1323.6 729.6
1323.9 729.6
1322.5 729.6
1323.0 729.6
1323.2 729.6
1324.4 729.6
1324.2 729.6
1323.5 729.8
1322.8 729.8
1323.0 729.8
1323.1 729.8
1323.0 729.8
1322.3 729.8
1322.4 729.8
1322.7 729.8
1322.3 729.8
1322.8 729.8
1322.9 729.8
1323.0 729.8
1322.3 729.8
1322.2 729.8
1322.4 729.8
1323.5 729.8
1323.7 729.8
1323.5 729.8
1323.8 729.8
1324.0 729.8
1324.2 729.8
1324.0 729.8
1323.3 729.8
1323.4 729.8
1323.6 729.8
1322.9 729.8
1322.7 729.8
1322.9 729.8
1324.1 729.8
1323.9 729.8
1324.1 729.8
1323.4 729.8
1323.6 729.8
1323.7 729.8
1323.4 729.8
1322.8 729.8
1322.9 729.8
1323.0 729.8
1321.6 729.8
1323.2 729.8
1323.2 729.8
1323.4 729.8
1322.7 729.8
1322.5 729.8
1322.6 729.8
1322.7 729.8
1322.0 729.8
1321.9 729.8
1322.0 729.8
1323.0 729.8
1322.3 729.8
1321.7 729.8
1322.3 729.8
1322.4 729.8
1322.5 729.8
1321.7 729.8
1321.6 729.8
1321.7 729.8
1321.7 729.8
1322.0 729.8
1321.8 729.8
1321.9 729.8
1321.9 729.8
1321.3 729.8
1320.9 729.8
1321.2 729.8
1321.3 729.8
1321.4 729.8
1320.6 729.8
1321.6 729.8
1321.6 729.8
1321.7 729.8
1321.0 729.8
1320.8 729.8
1321.0 729.8
1321.1 729.8
1320.4 729.8
1320.2 729.8
1320.2 729.8
1320.4 729.8
1323.1 729.8
1322.3 729.8
1322.2 729.8
1322.3 729.8
1321.7 729.8
1322.2 729.8
1322.1 729.8
1322.3 729.8
1322.4 729.8
1321.7 729.8
1322.6 729.8
1322.7 729.8
1322.9 729.8
1322.1 729.8
1322.2 729.8
1322.2 729.8
1322.4 729.8
1322.5 729.8
1321.7 729.8
1321.7 729.8
1322.9 729.8
1323.0 729.8
1322.3 729.8
1322.2 729.8
1322.2 729.8
1322.5 729.8
1321.8 729.8
1320.3 729.8
1321.8 729.8
1322.0 729.8
1321.3 729.8
1322.4 729.8
1322.3 729.8
1322.4 729.8
1322.6 729.8
1321.9 729.8
1321.8 729.8
1321.9 729.8
1322.2 729.8
1321.5 729.8
1321.4 729.8
1322.4 729.8
1322.6 729.8
1322.0 729.8
1321.7 729.8
1322.0 729.8
1322.1 729.8
1321.4 729.8
1321.6 729.8
1321.4 729.8
1321.6 729.8
1321.9 729.8
1322.1 729.8
1322.0 729.8
1322.2 729.8
1322.3 729.8
1321.6 729.8
1320.4 729.8
1321.6 729.8
1321.8 729.8
1321.1 729.8
1321.0 729.8
1323.0 729.8
1323.3 729.8
1322.6 729.8
1322.7 729.8
1322.5 729.8
1322.7 729.8
1322.0 729.8
1322.2 729.8
1321.3 729.8
1322.3 729.8
1322.6 729.8
1322.8 729.8
1322.8 729.8
1322.8 729.8
1322.1 729.8
1322.2 729.8
1322.3 729.8
1322.3 729.8
1322.4 729.8
1321.7 729.8
1322.8 729.8
1322.7 729.8
1322.8 729.8
1322.1 729.8
1322.3 729.8
1322.1 729.8
1322.3 729.8
1321.6 729.8
1321.8 729.8
1321.8 729.8
1322.7 729.8
1322.8 729.8
1322.1 729.8
1322.2 729.8
1322.1 729.8
1322.2 729.8
1321.5 729.8
1321.5 729.8
1320.7 729.8
1321.5 729.8
1320.7 729.8
1321.9 729.8
1321.7 729.8
1321.9 729.8
1321.2 729.8
1321.3 729.8
1321.4 729.8
1321.3 729.8
1320.6 729.8
1320.7 729.8
1320.8 729.8
1321.6 729.8
1321.7 729.8
1321.0 729.8
1321.1 729.8
1320.8 729.8
1321.0 729.8
1320.3 729.8
1320.4 729.8
1320.5 729.8
1320.3 729.8
1320.6 729.8
1320.7 729.8
1320.9 729.8
1320.7 729.8
1322.3 729.8
1321.6 729.8
1321.8 729.8
1321.6 729.8
1321.8 729.8
1321.1 729.8
1321.2 729.8
1322.3 729.8
1322.3 729.8
1321.6 729.8
1321.7 729.8
1321.9 729.8
1321.8 729.8
1321.1 729.8
1321.2 729.8
1321.3 729.8
1320.5 729.8
1322.3 729.8
1321.6 729.8
1321.7 729.8
1321.6 729.8
1321.7 729.8
1321.0 729.8
1321.1 729.8
1321.3 729.8
1322.2 729.8
1321.5 729.8
1322.6 729.8
1322.8 729.8
1321.6 729.8
1322.8 729.8
1322.1 729.8
1322.2 729.8
1322.1 729.8
1322.3 729.8
1321.6 729.8
1321.7 729.8
1321.9 729.8
1322.8 729.8
1322.0 729.8
1322.2 729.8
1322.3 729.8
1321.4 729.8
1322.4 729.8
1321.7 729.8
1321.9 729.8
1321.7 729.8
1322.0 729.8
1322.2 729.8
1322.3 729.8
1322.6 729.8
1322.4 729.8
1321.7 729.8
1321.8 729.8
1321.9 729.8
1320.8 729.8
1322.0 729.8
1321.3 729.8
1322.4 729.8
1322.6 729.8
1322.6 729.8
1321.8 729.8
1322.0 729.8
1322.2 729.8
1322.1 729.8
1321.3 729.8
1321.4 729.8
1321.7 729.8
1321.9 729.8
1322.6 729.8
1322.0 729.8
1322.2 729.8
1322.0 729.8
1322.6 729.8
1321.9 729.8
1322.1 729.8
1322.3 729.8
1322.2 729.8
1321.5 729.8
1322.5 729.8
1322.7 729.8
1321.9 729.8
1321.9 729.8
1322.0 729.8
1322.1 729.8
1322.0 729.8
1321.9 729.8
1321.2 729.8
1321.4 729.8
1322.4 729.8
1322.3 729.8
1321.6 729.8
1321.7 729.8
1321.8 729.8
1320.6 729.8
1321.0 729.8
1321.0 729.8
1321.1 729.8
1320.3 729.8
1321.2 729.8
1321.2 729.8
1321.5 729.8
1320.8 729.8
1320.7 729.8
1320.8 729.8
1320.9 729.8
1320.9 729.8
1319.6 729.8
1320.1 729.8
1320.3 729.8
1321.4 729.8
1320.7 729.8
1320.5 729.8
1320.9 729.8
1320.8 729.8
1320.1 729.8
1319.8 729.8
1319.8 729.8
1320.9 729.8
1321.9 729.8
1322.1 729.8
1322.0 729.8
1322.1 729.8
1322.3 729.8
1321.5 729.8
1321.4 729.8
1321.3 729.8
1321.2 729.8
1321.1 729.8
1322.0 729.8
1321.2 729.8
1321.3 729.8
1321.4 729.8
1319.9 729.8
1320.5 729.8
1320.3 729.8
1320.5 729.8
1322.1 729.8
1322.1 729.8
1322.2 729.8
1321.3 729.8
1321.5 729.8
1321.3 729.8
1321.5 729.8
1320.7 729.8
1321.0 729.8
1319.6 729.8
1322.0 729.8
1322.2 729.8
1321.5 729.8
1321.5 729.8
1321.5 729.8
1321.6 729.8
1320.8 729.8
1321.0 729.8
1320.9 729.8
1321.1 729.8
1320.4 729.8
1321.5 729.8
1320.2 729.8
1321.5 729.8
1321.7 729.8
1321.0 729.8
1321.0 729.8
1321.1 729.8
1321.3 729.8
1320.6 729.8
1320.8 729.8
1321.6 729.8
1321.8 729.8
1321.1 729.8
1321.2 729.8
1319.9 729.8
1321.3 729.8
1320.6 729.8
1320.6 729.8
1320.8 729.8
1320.8 729.8
1321.0 729.8
1321.3 729.8
1321.4 729.8
1321.3 729.8
1321.4 729.8
1320.8 729.8
1320.9 729.8
1319.5 729.8
1321.0 729.8
1320.2 729.8
1320.4 729.8
1321.2 729.8
1321.3 729.8
1320.7 729.8
1320.8 729.8
1321.0 729.8
1320.9 729.8
1321.0 729.8
1320.3 729.8
1320.5 729.8
1319.1 729.8
1321.5 729.8
1320.8 729.8
1320.9 729.8
1320.8 729.8
1321.0 729.8
1320.3 729.8
1320.4 729.8
1320.6 729.8
1320.5 729.8
1320.6 729.8
1319.9 729.8
1320.9 729.8
1319.9 729.8
1320.7 729.8
1320.1 729.8
1320.2 729.8
1320.3 729.8
1320.2 729.8
1319.5 729.8
1319.6 729.8
1319.7 729.8
1320.6 729.8
1319.8 729.8
1319.9 729.8
1320.0 729.8
1319.8 729.8
1319.8 729.8
1319.1 729.8
1319.3 729.8
1320.0 729.8
1320.2 729.8
1319.6 729.8
1320.6 729.8
1320.7 729.8
1320.6 729.8
1320.4 729.8
1319.7 729.8
1320.6 729.8
1319.8 729.8
1320.0 729.8
1320.1 729.8
1320.4 729.8
1320.5 729.8
1320.5 729.8
1320.6 729.8
1320.8 729.8
1320.1 729.8
1319.9 729.8
1320.1 729.8
1320.3 729.8
1319.8 729.8
1318.7 729.8
1320.0 729.8
1320.4 729.8
1320.5 729.8
1320.3 729.8
1320.5 729.8
1319.8 729.8
1319.9 729.8
1320.0 729.8
1320.0 729.8
1320.1 729.8
1319.3 729.8
1319.8 729.8
1319.6 729.8
1319.6 729.8
1319.0 729.8
1319.2 729.8
1319.4 729.8
1319.7 729.8
1319.1 729.8
1319.2 729.8
1320.3 729.8
1320.0 729.8
1320.0 729.8
1320.1 729.8
1319.4 729.8
1319.4 729.8
1319.3 729.8
1319.6 729.8
1319.7 729.8
1319.0 729.8
1319.9 729.8
1320.0 729.8
1320.2 729.8
1319.5 729.8
1319.5 729.8
1319.6 729.8
1319.8 729.8
1319.1 729.8
1319.2 729.8
1319.1 729.9
1319.3 729.9
1319.6 729.9
1319.7 729.9
1319.6 729.9
1319.7 729.9
1319.0 729.9
1319.2 729.9
1319.1 729.9
1319.2 729.9
1319.4 729.9
1318.7 729.9
1318.9 729.9
1319.7 729.9
1319.9 729.9
1319.2 729.9
1319.3 729.9
1319.3 729.9
1320.4 729.9
1319.7 729.9
1319.9 729.9
1319.7 729.9
1319.9 729.9
1320.2 729.9
1320.4 729.9
1319.8 729.9
1320.5 729.9
1319.8 729.9
1320.0 729.9
1320.0 729.9
1320.0 729.9
1319.3 729.9
1319.5 729.9
1320.5 729.9
1320.4 729.9
1320.5 729.9
1319.8 729.9
1320.0 729.9
1318.6 729.9
1320.0 729.9
1319.2 729.9
1319.2 729.9
1319.0 729.9
1319.3 729.9
1320.6 729.9
1319.8 729.9
1319.9 729.9
1319.8 729.9
1320.0 729.9
1319.3 729.9
1319.4 729.9
1318.1 729.9
1319.4 729.9
1318.7 729.9
1319.8 729.9
1319.9 729.9
1319.9 729.9
1320.0 729.9
1319.4 729.9
1319.5 729.9
1319.4 729.9
1319.5 729.9
1318.9 729.9
1319.0 729.9
1317.9 729.9
1320.0 729.9
1319.4 729.9
1319.5 729.9
1319.4 729.9
1319.6 729.9
1318.9 729.9
1319.1 729.9
1319.2 729.9
1319.1 729.9
1318.4 729.9
1319.5 729.9
1319.8 729.9
1318.3 729.9
1318.9 729.9
1319.1 729.9
1319.2 729.9
1319.1 729.9
1319.2 729.9
1318.6 729.9
1318.8 729.9
1319.0 729.9
1319.8 729.9
1319.1 729.9
1319.2 729.9
1319.5 729.9
1318.3 729.9
1318.5 729.9
1318.5 729.9
1318.8 729.9
1318.5 729.9
1318.8 729.9
1319.0 729.9
1319.2 729.9
1319.4 729.9
1319.2 729.9
1318.5 729.9
1318.7 729.9
1318.9 729.9
1317.5 729.9
1318.0 729.9
1318.2 729.9
1318.3 729.9
1318.6 729.9
1318.5 729.9
1318.6 729.9
1318.8 729.9
1319.0 729.9
1319.9 729.9
1319.2 729.9
1319.3 729.9
1319.5 729.9
1318.8 729.9
1319.7 729.9
1319.7 729.9
1320.0 729.9
1319.2 729.9
1319.1 729.9
1319.2 729.9
1319.5 729.9
1318.7 729.9
1318.7 729.9
1318.8 729.9
1319.0 729.9
1319.3 729.9
1319.1 729.9
1319.3 729.9
1319.5 729.9
1319.6 729.9
1318.8 729.9
1318.8 729.9
1319.0 729.9
1319.2 729.9
1318.4 729.9
1319.3 729.9
1319.4 729.9
1319.6 729.9
1318.9 729.9
1317.8 729.9
1319.0 729.9
1319.1 729.9
1319.2 729.9
1318.6 729.9
1318.5 729.9
1318.7 729.9
1319.7 729.9
1319.0 729.9
1318.8 729.9
1318.8 729.9
1318.8 730.0
1318.1 730.0
1317.2 730.0
1318.0 730.0
1318.0 730.0
1317.3 730.0
1318.3 730.0
1318.3 730.0
1318.4 730.0
1318.5 730.0
1317.8 730.0
1317.7 730.0
1317.8 730.0
1317.8 730.0
1318.8 730.0
1317.9 730.0
1317.9 730.0
1319.0 730.0
1319.2 730.0
1318.4 730.0
1318.4 730.0
1318.9 730.0
1319.0 730.0
1318.4 730.0
1318.3 730.0
1318.4 730.0
1318.6 730.0
1318.8 730.0
1318.9 730.0
1318.8 730.0
1318.9 730.0
1319.2 730.0
1318.4 730.0
1318.3 730.0
1318.4 730.0
1318.7 730.0
1318.0 730.0
1317.8 730.0
1318.9 730.0
1319.1 730.0
1318.4 730.0
1318.5 730.0
1318.4 730.0
1318.5 730.0
1318.7 730.0
1318.0 730.0
1317.9 730.0
1317.9 730.0
1319.2 730.0
1318.4 730.0
1318.3 730.0
1318.5 730.0
1318.7 730.0
1318.0 730.0
1318.0 730.0
1318.0 730.0
1318.2 730.0
1317.5 730.0
1317.6 730.0
1318.2 730.0
1318.4 730.0
1318.6 730.0
1318.7 730.0
1318.7 730.0
1316.5 730.0
1316.6 730.0
1316.8 730.0
1316.0 730.0
1315.9 730.0
1316.9 730.0
1317.1 730.0
1317.2 730.0
1317.1 730.0
1316.4 730.0
1316.5 730.0
1316.7 730.0
1316.6 730.0
1315.9 730.0
1316.0 730.0
1316.2 730.0
1317.0 730.0
1317.2 730.0
1316.5 730.0
1316.7 730.0
1316.8 730.0
1316.7 730.0
1316.0 730.0
1316.1 730.0
1317.3 730.0
1317.2 730.0
1317.4 730.0
1317.2 730.1
1317.3 730.1
1317.3 730.1
1317.5 730.1
1316.8 730.1
1316.8 730.1
1317.0 730.1
1317.0 730.1
1316.3 730.1
1316.4 730.1
1317.5 730.1
1316.5 730.1
1316.6 730.1
1316.8 730.1
1317.0 730.1
1316.7 730.1
1316.9 730.1
1316.3 730.1
1316.3 730.1
1316.4 730.1
1317.2 730.1
1316.4 730.1
1316.6 730.1
1316.7 730.1
1316.6 730.1
1315.9 730.1
1315.9 730.1
1316.0 730.1
1315.3 730.1
1316.0 730.1
1315.3 730.1
1316.4 730.1
1316.1 730.1
1316.1 730.1
1315.5 730.1
1315.6 730.1
1315.7 730.1
1315.6 730.1
1316.5 730.1
1315.8 730.1
1315.9 730.1
1316.7 730.1
1316.8 730.1
1316.1 730.1
1316.3 730.1
1316.5 730.1
1316.4 730.1
1315.7 730.1
1315.8 730.1
1316.0 730.1
1311.6 730.1
1315.1 730.1
1316.3 730.1
1316.5 730.1
1316.3 730.1
1316.5 730.1
1315.8 730.1
1316.0 730.1
1316.1 730.1
1316.0 730.1
1315.2 730.1
1315.5 730.1
1316.7 730.1
1316.5 730.1
1315.9 730.1
1316.0 730.1
1316.2 730.1
1315.5 730.1
1315.4 730.1
1315.5 730.1
1315.7 730.1
1315.0 730.1
1314.9 730.1
1316.0 730.1
1316.2 730.1
1315.5 730.1
1315.4 730.1
1315.6 730.1
1315.8 730.1
1315.9 730.1
1315.2 730.1
1315.2 730.1
1315.3 730.1
1316.5 730.1
1315.7 730.1
1316.6 730.1
1316.8 730.1
1317.0 730.1
1316.3 730.1
1316.1 730.1
1316.2 730.1
1316.4 730.1
1315.7 730.1
1314.3 730.1
1316.8 730.1
1317.0 730.1
1316.3 730.1
1316.1 730.1
1316.3 730.1
1316.5 730.1
1315.9 730.1
1315.9 730.1
1316.0 730.1
1316.1 730.1
1316.4 730.1
1316.6 730.1
1316.5 730.1
1316.6 730.1
1316.8 730.1
1316.1 730.1
1314.7 730.1
1316.1 730.1
1316.4 730.1
1315.7 730.1
1315.7 730.1
1316.7 730.1
1316.9 730.1
1316.2 730.1
1316.3 730.1
1316.1 730.1
1316.3 730.1
1316.5 730.1
1315.9 730.1
1314.7 730.1
1315.9 730.1
1317.1 730.1
1315.8 730.1
1315.9 730.1
1315.9 730.1
1316.1 730.1
1315.4 730.1
1316.5 730.1
1316.4 730.1
1316.4 730.1
1315.6 730.1
1315.8 730.1
1316.7 730.1
1316.8 730.1
1316.1 730.1
1316.2 730.1
1315.0 730.1
1316.1 730.1
1316.2 730.1
1315.6 730.1
1315.5 730.1
1315.6 730.1
1316.7 730.1
1316.0 730.1
1316.1 730.1
1315.9 730.1
1316.1 730.1
1315.4 730.1
1315.5 730.1
1315.4 730.1
1315.6 730.1
1314.9 730.1
1315.0 730.1
1314.6 730.1
1315.8 730.1
1315.2 730.1
1315.3 730.1
1315.2 730.1
1315.3 730.1
1314.6 730.1
1314.7 730.1
1314.7 730.1
1314.7 730.1
1316.8 730.1
1316.1 730.1
1316.3 730.1
1316.2 730.1
1315.5 730.1
1315.6 730.1
1315.8 730.1
1315.1 730.1
1315.8 730.1
1315.1 730.1
1315.3 730.1
1316.1 730.1
1316.3 730.1
1315.7 730.1
1315.8 730.1
1316.0 730.1
1315.8 730.1
1315.1 730.1
1315.3 730.1
1315.5 730.1
1315.4 730.1
1315.7 730.1
1315.7 730.1
1316.1 730.1
1315.3 730.1
1315.2 730.1
1315.3 730.1
1315.5 730.1
1315.3 730.1
1315.6 730.1
1314.8 730.1
1314.9 730.1
1316.1 730.1
1316.0 730.1
1315.3 730.1
1315.4 730.1
1315.7 730.1
1315.1 730.1
1314.9 730.1
1315.0 730.1
1315.2 730.1
1314.4 730.1
1315.3 730.1
1315.5 730.1
1315.8 730.1
1315.0 730.1
1314.9 730.1
1315.1 730.1
1315.2 730.1
1314.5 730.1
1314.5 730.1
1314.5 730.1
1314.7 730.1
1315.9 730.1
1314.6 730.1
1315.1 730.1
1315.2 730.1
1315.4 730.1
1314.6 730.1
1314.6 730.1
1315.7 730.1
1315.9 730.1
1315.2 730.1
1316.1 730.1
1316.2 730.1
1316.3 730.1
1316.5 730.1
1315.5 730.1
1315.6 730.1
1315.8 730.1
1316.0 730.1
1315.3 730.1
1315.3 730.1
1315.4 730.1
1316.6 730.1
1315.8 730.1
1315.8 730.1
1315.9 730.1
1316.0 730.1
1315.3 730.1
1315.2 730.1
1315.4 730.1
1315.5 730.1
1315.7 730.1
1315.3 730.1
1315.9 730.1
1315.9 730.1
1316.2 730.1
1315.4 730.1
1315.4 730.1
1315.5 730.1
1315.6 730.1
1314.9 730.1
1314.8 730.1
1314.9 730.1
1316.0 730.1
1316.0 730.1
1314.8 730.1
1315.2 730.1
1315.3 730.1
1315.4 730.1
1314.6 730.1
1314.5 730.1
1314.7 730.1
1314.8 730.1
1315.0 730.1
1314.9 730.1
1315.0 730.1
1315.1 730.1
1314.4 730.1
1314.3 730.1
1314.4 730.1
1314.4 730.1
1314.5 730.1
1313.7 730.1
1313.6 730.1
1314.7 730.1
1314.8 730.1
1314.1 730.1
1313.9 730.1
1314.1 730.1
1314.3 730.1
1313.6 730.1
1313.5 730.1
1315.0 730.1
1315.2 730.1
1316.7 732.6
1316.6 732.6
1316.5 732.6
1316.7 732.6
1316.9 732.6
1316.2 732.6
1316.1 732.6
1316.3 732.6
1316.5 732.6
1315.7 732.6
1315.7 732.6
1316.8 732.6
1316.9 732.6
1316.2 732.6
1314.8 732.6
1316.2 732.6
1316.4 732.6
1316.6 732.6
1315.7 732.6
1315.7 732.6
1315.8 732.6
1317.1 732.6
1380.4 732.7
1444.8 732.7
1444.7 732.7
