SWAP
820,0
820,0
820,0
820,0
820,0
820,0
820,0
820,0
820,0
820,0
820,0
820,0
820,0
820,0
820,0
820,0
820,0
820,0
820,0
820,0
820,0
820,0
820,0
820,0
820,0
820,0
820,0
820,0
820,0
820,0
820,0
820,0
820,0
820,0
820,0
820,0
820,0
820,0
820,0
820,0
820,0
820,0
820,0
820,0
820,0
820,0
820,0
820,0
820,0
820,0
820,0
820,0
820,0
820,0
820,0
820,0
820,0
820,0
820,0
820,0
820,0
820,0
820,0
820,0
820,0
820,0
820,0
820,0
820,0
820,0
820,0
820,0
820,0
820,0
819,7
819,7
819,7
819,7
819,0
818,7
818,2
817,7
817,0
816,2
816,2
815,0
813,5
811,5
810,0
810,0
807,5
807,0
803,7
803,2
796,0
789,5
786,0
770,7
769,2
729,2
711,5
691,0
674,5
663,2
656,0
639,5
627,5
608,2
580,2
559,7
555,2
531,4
529,3
523,8
491,7
491,7
476,5
454,5
441,5
422,5
411,0
389,7
373,0
357,7
352,2
304,7
296,9
291,4
279,9
259,8
249,0
220,7
221,2
214,2
196,5
175,0
162,2
146,0
123,7
115,2
101,0
77,0
60,5
33,4
33,4
21,4

























































































































































































































































































































































